2062
2143
2346
2354
2357
2358
2359
2370
2372
2385
2396
2993
3676
3695
3697
4150
4298
4309
4362
4572
4586
4794
4833
4896
4942
4950
5003
5020
5038
5198
5540
5633
5717
5788
5841
5861
5871
5885
5933
5955
5996
6003
6033
6051
6068
6095
6098
6105
6133
6136
6180
6350
6363
6382
6483
6484
6532
6597
6603
6645
6648
6660
6664
6698
6711
7017
7057
7442
7446
7539
7841
8000
8005
8058
8429
8444
8545
9504
10103
10736
10738
10753
10958
11028
127
139
182
194
198
201
202
248
278
286
290
327
332
335
342
344
347
350
351
391
393
403
404
405
406
414
848
6020
185
2094
3469
4561
4670
5016
5069
5174
5224
5321
5643
10715
130
150
390
847
851
1050
1453
1836
2050
2134
2390
3621
4856
7491
7899
9667
11045
160
352
968
1364
1838
3351
4149
4175
4347
4377
4539
4580
4663
4777
5640
5774
7337
10944
10991
11875
12563
149
191
250
324
330
336
429
590
666
706
163
184
471
601
1085
1170
1320
1492
1946
3622
4324
4712
4850
4967
5041
5121
5143
5166
5234
5248
5319
5579
5852
8163
9133
9643
9882
12156
12266
253
262
287
296
303
304
343
376
456
899
911
1008
396
1521
1877
2309
4278
4471
4943
4984
5042
5116
5192
5203
5345
5477
5611
5706
5815
7089
7168
9342
9346
9605
10587
10718
10950
10971
141
154
329
593
709
122
132
310
990
1070
1071
1144
1177
1323
1361
1406
1431
1918
1968
3519
3689
3752
4077
4137
4190
4552
4671
4809
4834
4985
5119
5137
5322
5490
5529
5641
5642
5703
5777
5837
5900
6013
6460
6575
6764
6905
7030
7044
7195
7771
8060
8645
10657
10859
10861
10869
10949
10980
12030
12233
12395
12527
137
138
186
192
234
266
298
346
400
520
741
870
896
133
153
274
353
468
728
729
837
886
988
1330
1470
1512
2315
2379
2391
2829
3450
3460
3591
3634
4054
4410
4478
4493
4701
4730
4998
5045
5088
5140
5201
5544
5603
6185
6765
7117
8929
9347
9370
9911
10525
10535
10581
10860
10934
10935
10973
11043
11445
12006
12052
12396
12397
143
228
247
279
530
568
659
702
950
970
991
273
280
419
749
1053
2171
3662
3675
4074
4234
4353
4590
4772
5054
5071
5114
5342
5543
5758
5881
6106
6120
6386
6800
7114
7163
8138
8646
8647
9232
10224
10805
12157
12202
12342
12423
272
323
328
420
450
566
587
817
159
190
318
319
334
338
1039
1072
1073
1167
1209
1419
1480
1484
1687
1698
1944
2302
2355
2373
2489
2732
3326
3363
3432
3635
3687
3707
3769
3876
4045
4128
4155
4244
4351
4423
4434
4486
4538
4674
4857
4878
4922
4966
4976
4988
5014
5021
5094
5111
5120
5124
5129
5149
5179
5238
5241
5441
5539
5650
5668
5916
5962
5966
5977
5985
6097
6099
6130
6139
6164
6168
6186
6455
6573
6755
7025
7200
7327
7398
7399
7444
7483
7714
7895
7932
7941
8165
8249
8520
9250
9251
10664
10696
10807
10813
10814
10875
10886
10972
10993
11036
11990
12373
12400
12558
12607
128
148
151
152
167
187
244
245
331
337
341
366
423
428
430
438
643
807
814
958
978
536
719
917
1016
1075
2331
2388
2397
3631
4003
4618
4975
4978
4981
4999
5048
5072
5638
5848
5878
6356
7484
8114
8213
8842
9132
9360
9389
9836
10757
10856
11467
12126
12187
12191
12271
12415
12545
246
299
308
440
561
789
855
1046
1055
1074
1088
1110
1305
1341
2310
2381
3572
3658
3684
4087
4763
4826
4842
4961
4974
5046
5068
5077
5097
5136
5223
5646
5666
5913
6015
6038
6096
6148
6156
6318
6329
6443
6463
6601
6731
6757
7626
8201
8430
9383
10154
10797
10857
11295
11459
11468
11861
12174
12208
12234
12273
12385
12388
12435
12571
261
311
326
379
412
494
584
895
939
959
189
227
339
361
1007
1047
1105
2306
3468
3630
3636
4357
4860
4933
4965
4970
4982
4992
5057
5066
5078
5096
5187
5202
5242
5499
6001
6227
6973
7123
7429
8952
9238
9384
10573
10655
12020
12269
12392
12411
124
251
315
380
813
863
1012
259
288
384
397
674
892
973
992
993
995
1067
1089
1091
1094
1131
1186
1197
1243
1391
1422
1448
1482
2600
3225
3493
3637
3681
3682
3800
3909
4055
4091
4093
4182
4275
4320
4323
4326
4437
4440
4498
4555
4651
4713
4760
4877
4968
4971
4986
4987
4991
5034
5035
5037
5049
5099
5101
5103
5128
5131
5139
5171
5177
5274
5497
5709
5741
5862
5944
5968
6093
6161
6469
6535
6586
6614
6690
6778
6847
6883
6962
7310
7348
7711
7747
7789
8821
9237
9349
9373
9657
9674
9809
10069
10526
10658
10705
10787
10789
10808
10844
10932
10933
10976
11475
12317
12387
12412
134
144
231
268
385
394
402
417
443
538
600
682
960
1015
579
816
859
929
984
1060
1120
1133
1139
1573
1957
2140
2320
2589
3263
3663
4284
4512
4567
4568
4743
4785
4893
4964
5011
5055
5113
5142
5196
5237
5509
5651
5707
5859
5909
5973
6145
6189
6319
6336
6583
6707
7074
7249
7902
8154
8233
8973
9231
9358
9364
10296
10502
10586
10888
11014
11847
12204
12206
12277
12389
12391
12405
12409
12424
12480
12597
12603
252
265
282
302
325
370
387
395
653
773
1013
147
340
446
631
1010
1043
1078
1463
2308
2887
3327
3336
3474
3488
3664
3665
4165
4397
4813
4853
4983
4989
5028
5059
5081
5087
5092
5132
5160
5244
5635
5719
5721
5737
6055
6181
6562
6589
6880
6929
7651
8800
9777
9919
10097
10621
10740
10948
10957
11296
11457
11463
11846
11854
11938
12180
12380
12416
12608
218
254
275
349
605
627
688
750
774
810
850
889
1009
203
204
219
294
368
716
902
974
1051
1064
1098
1100
1107
1142
4062
4089
4254
4475
4485
4583
4972
4993
4996
5043
5056
5168
5206
5214
5227
5753
6066
6237
6512
6683
6705
7802
7983
8227
8581
8822
9569
9885
10102
10153
10463
10500
10531
10706
10752
10902
10954
10974
10975
11037
11301
12101
12221
12313
12564
242
972
123
240
267
476
921
961
983
1082
1127
1134
3638
4049
4481
4693
4876
5013
5109
5152
5448
5994
6298
6521
6678
7020
7616
8613
9003
9655
10497
10694
10873
10953
12168
12169
12256
12281
12330
12439
12448
12606
12609
320
436
478
496
571
604
790
809
815
819
853
872
146
467
475
677
718
1014
1044
1056
1080
1096
1112
1145
2303
2335
3893
4361
4615
4818
4917
4977
4979
4995
5117
5162
5210
5581
6760
8072
8533
8733
9274
10155
10175
10403
10446
10495
10530
10639
10823
11477
11480
12028
12056
12141
12359
12375
12429
12565
156
256
607
721
925
932
135
136
321
413
1041
1087
1092
1097
1135
1138
1147
1161
1251
1266
1317
1381
1430
1533
1550
1588
1591
1671
1837
1869
2036
2239
2362
2492
2509
2513
2544
2560
2667
2729
2769
2895
2994
3093
3107
3150
3163
3298
3334
3508
3517
3548
3579
3592
3683
3746
3766
3779
3788
3801
3821
3831
3834
3844
3851
3853
3870
3912
3916
3920
3929
4065
4084
4103
4134
4146
4168
4177
4180
4197
4205
4213
4218
4249
4266
4329
4354
4408
4436
4449
4457
4479
4492
4509
4514
4525
4527
4549
4571
4588
4591
4596
4607
4627
4629
4652
4658
4683
4690
4708
4719
4724
4739
4749
4771
4775
4780
4796
4823
4835
4861
4864
4881
4913
4914
4918
4925
4926
4934
4940
4944
4949
4958
5007
5039
5050
5061
5064
5074
5079
5105
5126
5155
5157
5169
5184
5188
5191
5193
5197
5209
5213
5216
5217
5250
5253
5264
5295
5305
5310
5415
5429
5432
5442
5479
5491
5527
5528
5530
5548
5550
5554
5578
5590
5591
5648
5649
5665
5669
5692
5694
5748
5780
5794
5813
5833
5838
5846
5849
5867
5875
5883
5893
5898
5907
5921
5924
5934
5945
5948
5960
5975
5988
6011
6025
6027
6034
6064
6119
6128
6138
6141
6142
6194
6212
6218
6221
6225
6236
6240
6265
6273
6283
6285
6288
6314
6325
6330
6332
6359
6365
6378
6387
6415
6433
6435
6441
6498
6517
6528
6543
6547
6561
6572
6587
6628
6693
6694
6696
6713
6787
6797
6801
6837
6855
6881
6892
6899
6975
7088
7132
7160
7190
7201
7244
7246
7325
7384
7394
7414
7511
7521
7556
7573
7594
7636
7673
7708
7712
7768
7819
7825
7838
7871
7891
7893
7936
7948
8021
8023
8046
8071
8102
8140
8179
8203
8211
8298
8299
8333
8399
8433
8454
8465
8477
8493
8502
8648
8764
8799
8803
8830
9328
9388
9391
9417
9418
9420
9421
9461
9537
9538
9570
9571
9642
9650
9654
9656
9665
9666
9683
9686
9718
9780
9798
9813
9958
9962
10101
10104
10107
10159
10173
10216
10438
10533
10659
10660
10702
10704
10707
10737
10765
10766
10768
10773
10778
10786
10816
10885
10892
10903
10951
10956
10959
10979
10990
11010
11042
11046
11185
11476
11478
12103
12153
12159
12215
12217
12328
12378
12457
12554
12559
12591
12602
129
142
145
195
196
199
225
243
249
269
277
281
312
314
389
415
460
461
463
484
501
506
572
595
606
616
618
632
647
657
663
675
696
699
714
736
742
759
765
770
784
793
822
825
836
846
854
890
893
934
953
957
963
987
994
778
879
1111
4562
4565
4821
4894
5000
5063
8705
9636
10215
10437
10449
11270
11872
11890
11960
12142
12363
12365
12440
12464
12518
289
416
679
971
1006
233
345
442
1081
1326
3696
4050
4228
4465
4729
4801
4931
5175
5243
5317
5570
5610
7762
8808
9202
10020
10448
10582
10622
10955
11947
12070
12190
12390
12418
12536
383
569
694
503
573
673
730
737
798
862
1086
2013
3301
3849
4029
4171
4705
5008
5115
5652
8097
8209
8792
10210
10493
10815
10839
11363
11455
11863
12096
12230
12235
12248
12257
12302
12319
12354
12355
12419
12466
12504
12505
12549
12556
12601
357
617
751
820
1005
200
421
1045
1084
1104
1119
1304
1715
3376
3883
3992
4033
4114
4427
4497
4574
4773
4806
4879
5026
5134
5304
5525
5644
6581
8587
9230
9374
9600
9701
10375
10461
10467
10620
10735
10742
10776
10887
11299
11465
11860
12144
12163
12188
12222
12246
12384
12386
12436
12523
12586
12595
567
681
747
975
985
542
1123
1132
1258
1462
1601
3205
3639
3679
4071
4401
4466
4660
5030
5047
5148
5180
5207
5621
5670
5696
5704
6135
6369
7124
7366
7466
7514
7577
8006
8802
8823
9982
10109
10160
10185
10227
10501
10904
10984
11294
11867
11876
11973
12003
12137
12179
12237
12280
12333
12366
12483
12526
12535
12578
12600
388
672
956
178
220
398
781
796
898
1000
1011
1126
4011
4609
4648
5024
5215
5447
5697
5956
6396
6553
7998
8824
9072
9357
9362
9521
9689
9851
10503
10534
10662
10714
11841
11892
12075
12122
12182
12203
12259
12270
12285
12421
12427
12581
126
313
322
516
880
937
1004
193
401
1038
1425
1642
1902
1984
2106
2549
3422
3529
4002
4188
4214
4227
4248
4257
4271
4367
4502
4521
4530
4617
4624
4752
4811
4889
4891
4911
5070
5189
5445
5456
5728
5742
5743
6017
6086
6179
6228
6233
6234
6339
6368
6432
6489
6632
6669
7034
7245
7832
8287
8462
8498
8805
9236
9387
9406
9448
9574
9577
9589
9661
9782
9938
10090
10158
10181
10390
10459
10487
10491
10498
10641
11469
11889
12004
12039
12220
12224
12241
12251
12289
12332
12361
12362
12399
12406
12432
12530
12533
12588
183
215
802
161
354
738
1069
4080
5356
5459
5801
7655
8230
8435
8786
8801
9779
9970
10301
10470
10510
10583
10721
10758
10800
11070
11703
11848
11869
11931
12040
12199
12254
12282
12292
12323
12349
12370
12401
12414
12430
12479
12484
12521
12590
12593
179
564
125
997
1042
1061
1122
1130
4344
4418
6689
7322
7545
7734
8108
8231
9348
10464
10469
11444
11912
12059
12193
12229
12232
12242
12258
12347
12381
12383
12398
12420
12522
12528
12574
362
671
1068
1079
1108
1129
1158
1175
1224
1241
1466
1940
1945
1950
2686
3250
3765
4075
4102
4115
4176
4264
4350
4393
4883
4884
4957
5222
5251
5331
5350
5634
5727
5847
5869
5902
5931
6060
6213
6252
6503
6525
6622
6661
7517
7582
8427
8556
8724
8807
8851
8935
8999
9239
9431
9433
9485
9488
9511
9563
9671
9697
9717
9738
9772
9824
9937
9948
10038
10086
10285
10479
10481
10514
10517
10614
10617
10665
10769
10824
10826
10829
10851
10952
11297
11298
11462
11464
11470
11891
11984
12000
12031
12085
12149
12158
12162
12175
12189
12198
12228
12294
12326
12369
12413
12422
12438
12452
12540
12599
229
263
748
864
909
1093
1101
5983
6626
8666
9146
10596
10616
11446
12091
12099
12125
12177
12200
12201
12209
12213
12218
12240
12243
12255
12348
12358
12417
12470
12489
12493
12494
12514
12532
12547
444
967
409
1128
3891
4051
4236
4882
5364
5729
6131
6267
6322
6349
6418
6719
7667
8758
9614
9681
9703
9774
9888
10068
10268
10468
10486
10513
10612
10746
11460
11461
11481
11849
11900
12097
12181
12211
12227
12262
12274
12335
12336
12337
12376
12404
12437
12456
12469
12474
12501
12531
12550
12596
260
448
928
831
955
5398
5434
5986
8779
8960
9973
10499
10623
10908
10964
11474
11851
11885
12011
12015
12098
12121
12172
12186
12247
12265
12288
12341
12482
12490
12529
12561
12585
801
891
411
1083
3181
3419
4129
4355
4394
4681
4707
4748
4838
4858
4872
4873
4888
4955
5106
5639
5731
5771
6370
6407
6410
6422
6473
6558
8189
8200
8778
9359
9616
9645
9702
9954
9981
10057
10076
10146
10462
10484
10485
10509
10624
10654
10666
10756
10796
10849
10865
11482
11590
11857
11897
11970
11985
12009
12094
12115
12164
12176
12196
12214
12244
12297
12309
12310
12325
12329
12377
12379
12393
12403
12408
12410
12458
12460
12517
12538
12551
12553
12569
12577
12583
12584
12604
432
583
797
508
662
3139
4199
4628
4715
4717
4768
5183
6341
6676
6677
7188
7219
7224
7241
7885
7953
8047
9434
9711
10465
10466
10512
10536
10577
10610
10668
10743
10755
10871
11081
11471
11473
11853
11878
11949
11982
12037
12044
12080
12120
12127
12131
12147
12155
12173
12178
12226
12339
12350
12364
12374
12407
12455
12475
12481
12487
12497
12555
12568
12573
12576
12605
1109
1143
1254
2500
3614
4875
5268
6118
6315
8043
9390
9578
9848
10017
10471
10748
10850
11458
11862
11929
11962
12104
12106
12108
12111
12114
12154
12231
12250
12283
12402
12431
12433
12520
12552
12594
408
954
4358
4564
7525
8338
9235
9404
10108
10611
10751
11035
11447
12042
12062
12076
12160
12195
12261
12263
12295
12352
12382
12425
12444
12447
12461
12467
12488
12515
12519
445
857
1103
1116
9131
9579
9776
9879
10386
10452
10492
10496
10511
10762
10853
11300
11935
11937
12109
12132
12135
12138
12165
12192
12260
12290
12291
12307
12353
12371
12441
12462
12478
12509
12534
12589
492
1106
2805
3233
4537
7008
8806
10516
10618
12082
12130
12197
12205
12219
12253
12264
12296
12324
12340
12428
12445
12510
12511
12516
12525
12580
217
358
1157
1210
1215
1222
1231
1238
1303
1307
1309
1325
1348
1375
1390
1445
1479
1575
1576
1583
1584
1627
1700
1731
1745
1917
1975
2009
2040
2063
2076
2079
2156
2411
2496
2757
2770
2909
2910
2912
2999
3332
3401
3558
3897
3910
4034
4057
4096
4151
4206
4215
4221
4233
4251
4259
4310
4314
4321
4363
4379
4389
4406
4491
4544
4550
4558
4581
4585
4589
4594
4605
4636
4714
4742
4789
4839
4840
4852
4865
4916
5029
5122
5208
5218
5379
5482
5624
5647
5708
5738
5740
5749
5752
5779
5850
5863
5868
5872
5882
5886
5929
5935
5957
6012
6022
6057
6062
6063
6076
6123
6155
6174
6199
6202
6229
6242
6253
6277
6286
6287
6291
6308
6342
6346
6364
6366
6375
6398
6478
6479
6506
6538
6545
6560
6652
6653
6706
6758
6779
6961
7071
7147
7182
7194
7432
7499
7508
7542
7570
7572
7642
7756
7784
7919
7928
8077
8103
8162
8197
8226
8284
8369
8526
9098
9229
9329
9340
9361
9376
9405
9407
9446
9447
9459
9463
9464
9470
9474
9476
9483
9484
9502
9503
9535
9549
9550
9564
9573
9580
9581
9584
9588
9634
9635
9644
9648
9649
9653
9663
9676
9687
9691
9693
9695
9696
9699
9705
9715
9716
9766
9783
9810
9847
9857
9861
9871
9880
9884
9890
9898
9903
9905
9907
9920
9925
9930
9933
9934
9935
9936
9940
9945
9946
9951
9953
9957
9965
9968
10000
10007
10016
10036
10052
10061
10074
10092
10100
10177
10447
10473
10480
10488
10489
10515
10619
10645
10661
10695
10745
10754
10767
10775
10779
10780
10782
10783
10785
10811
10825
10830
10832
10841
10842
10846
10847
10852
10872
10881
10882
10907
10982
10992
10996
11031
11033
11080
11466
11472
11843
11845
11855
11870
11873
11879
11883
11899
11911
11913
11914
11915
11928
11934
11939
11956
11957
11964
11983
12001
12002
12016
12017
12018
12045
12054
12057
12061
12063
12084
12086
12087
12088
12100
12105
12118
12139
12184
12216
12223
12238
12303
12308
12312
12327
12343
12368
12372
12394
12434
12446
12454
12472
12503
12560
162
270
363
367
493
521
534
550
580
586
609
612
613
622
691
698
735
743
769
818
845
871
894
897
943
944
982
435
11439
11974
12236
12357
12426
12562
12567
12575
1442
5562
6266
8732
9350
10613
10761
11881
11967
11969
12007
12140
12145
12146
12225
12276
12345
12451
12491
12524
12544
12570
4081
4207
6271
8804
10161
10389
10458
11852
11859
11884
11981
12071
12194
12249
12284
12299
12305
12351
12473
12512
927
1124
4886
5645
6177
6376
6461
10669
10723
10759
11456
11882
11946
12047
12150
12152
12272
12279
12287
12293
12311
12314
12321
12344
12459
12463
12476
12502
12537
3874
4105
4899
6100
6183
6544
7765
9891
9916
10741
11224
11842
12005
12048
12167
12315
12322
12360
12442
12485
12492
12543
12582
1948
10615
12019
12112
12148
12245
12306
12507
12566
12579
12592
4862
4863
4897
5455
7544
9234
9583
9659
9803
9814
9830
9875
10477
10482
10763
10827
10901
10909
11044
11376
11844
11963
12081
12107
12171
12468
12495
12500
4173
9662
10483
10897
11858
11961
12113
12161
12185
12212
12542
12587
4675
9991
12183
12320
12465
12498
2227
4452
4766
4904
5533
6250
6623
7755
7822
8083
8843
9668
9707
9775
9831
9901
9961
10023
10041
10042
10065
10070
10093
10739
10874
11896
11968
12038
12078
12079
12102
12128
12443
12450
12471
12300
12477
4258
7437
10095
10848
11945
11965
11972
12143
12151
12166
12170
12239
12346
12356
12449
12548
12043
12092
12298
12598
386
6439
9704
10079
10157
10747
10845
12060
12117
12268
12486
12541
465
9709
9829
11479
11886
12074
12124
12513
12095
12331
12453
12499
12506
12539
12301
7237
9343
9800
12546
12496
1227
1291
1743
1924
2900
3296
3407
3528
4145
4776
4928
5001
5010
5138
5161
5394
6248
6272
6276
6279
6333
6615
7247
7476
9430
9460
9462
9505
9572
9585
9664
9673
9675
9677
9678
9684
9692
9710
9712
9834
9849
9853
9865
9872
9949
10006
10024
10026
10055
10066
10067
10085
10087
10089
10091
10094
10096
10478
10700
10750
10760
10764
11880
11936
12046
12072
12073
12077
12338
418
621
715
740
926
12572
9820
10032
12508
10436
11979
12116
10716
12267
12367
9700
11930
12207
3227
7501
9593
12058
7204
10106
5782
9240
4222
5231
10460
522
782
986
11871
1718
1786
4082
4121
4906
6085
6894
8375
645
205
372
548
560
723
844
883
888
1149
1151
1152
1153
1155
1156
1159
1160
1162
1164
1168
1169
1171
1172
1173
1176
1179
1180
1182
1183
1184
1185
1188
1189
1190
1192
1194
1195
1196
1198
1200
1202
1203
1204
1205
1206
1208
1211
1212
1213
1216
1217
1218
1220
1221
1223
1225
1229
1230
1232
1234
1235
1236
1239
1240
1242
1244
1245
1246
1247
1248
1250
1253
1255
1256
1259
1262
1267
1269
1272
1278
1281
1282
1284
1285
1287
1288
1289
1290
1293
1294
1295
1296
1297
1299
1306
1311
1312
1313
1318
1319
1321
1322
1324
1328
1335
1336
1338
1339
1340
1342
1344
1345
1349
1350
1352
1355
1357
1359
1360
1365
1366
1367
1372
1374
1377
1378
1382
1384
1387
1388
1389
1392
1397
1398
1399
1405
1407
1408
1409
1410
1411
1413
1415
1417
1420
1428
1429
1432
1433
1435
1437
1443
1444
1446
1447
1449
1450
1451
1452
1454
1455
1456
1458
1459
1460
1461
1464
1465
1469
1471
1472
1473
1474
1475
1477
1481
1483
1486
1489
1491
1493
1494
1496
1497
1502
1505
1506
1507
1509
1510
1511
1513
1515
1519
1522
1523
1524
1525
1527
1528
1529
1530
1535
1536
1537
1539
1540
1541
1544
1545
1546
1547
1548
1551
1552
1553
1554
1555
1556
1559
1562
1563
1565
1566
1570
1571
1572
1578
1579
1581
1582
1586
1592
1607
1608
1615
1619
1620
1624
1625
1628
1630
1631
1632
1641
1643
1647
1651
1653
1688
1689
1690
1694
1696
1697
1702
1705
1706
1707
1708
1709
1711
1723
1727
1730
1738
1780
1802
1810
1819
1833
1835
1856
1857
1864
1876
1881
1883
1884
1887
1897
1898
1900
1904
1910
1922
1923
1927
1928
1929
1930
1931
1934
1937
1938
1939
1949
1951
1956
1961
1964
1973
1978
1980
1981
1982
1985
1988
1991
1997
2005
2010
2011
2012
2016
2017
2018
2028
2029
2039
2041
2046
2049
2053
2054
2055
2059
2060
2061
2066
2067
2074
2075
2081
2083
2084
2087
2089
2092
2093
2095
2097
2101
2105
2109
2111
2115
2116
2117
2118
2119
2123
2126
2130
2131
2138
2139
2142
2144
2147
2155
2157
2159
2173
2177
2186
2187
2190
2191
2194
2208
2217
2218
2228
2229
2245
2246
2261
2281
2368
2398
2403
2420
2423
2430
2431
2437
2440
2446
2448
2451
2454
2463
2471
2474
2476
2494
2501
2518
2519
2520
2526
2529
2546
2556
2565
2571
2572
2579
2593
2598
2604
2611
2621
2629
2631
2634
2637
2660
2668
2669
2670
2673
2697
2710
2731
2742
2752
2758
2781
2797
2800
2802
2803
2806
2810
2811
2813
2817
2824
2832
2835
2843
2850
2854
2856
2863
2865
2869
2888
2896
2898
2899
2914
2925
2928
2961
2965
2972
2982
2989
2992
2995
3005
3008
3017
3018
3047
3052
3055
3058
3061
3065
3067
3069
3090
3094
3102
3127
3153
3154
3155
3158
3159
3164
3168
3170
3175
3187
3188
3190
3194
3196
3202
3203
3207
3214
3223
3228
3230
3236
3237
3239
3242
3249
3251
3253
3262
3265
3274
3277
3280
3291
3292
3293
3299
3302
3303
3304
3307
3325
3330
3331
3333
3335
3344
3346
3347
3348
3349
3352
3353
3355
3360
3367
3368
3372
3373
3374
3377
3378
3382
3383
3384
3388
3390
3392
3393
3394
3397
3398
3399
3402
3403
3404
3405
3406
3408
3409
3410
3411
3414
3415
3417
3418
3423
3426
3427
3428
3430
3431
3433
3435
3440
3445
3449
3451
3454
3457
3465
3466
3470
3471
3472
3475
3477
3478
3479
3486
3487
3490
3492
3497
3500
3503
3506
3510
3511
3516
3520
3524
3525
3527
3534
3535
3537
3544
3550
3554
3561
3571
3575
3584
3588
3590
3593
3594
3595
3598
3601
3605
3608
3615
3619
3620
3623
3627
3629
3700
3702
3704
3705
3706
3708
3709
3710
3711
3713
3718
3719
3722
3724
3725
3726
3729
3730
3731
3732
3734
3735
3738
3739
3743
3749
3750
3751
3754
3757
3758
3759
3761
3762
3767
3768
3773
3775
3776
3777
3778
3781
3782
3784
3787
3790
3795
3797
3798
3802
3803
3804
3806
3809
3810
3814
3815
3816
3818
3819
3822
3824
3825
3826
3827
3828
3829
3833
3836
3838
3839
3840
3841
3842
3843
3845
3846
3847
3848
3850
3852
3854
3855
3857
3858
3859
3860
3861
3862
3863
3864
3865
3867
3868
3869
3872
3873
3875
3877
3878
3880
3881
3882
3884
3885
3886
3887
3888
3890
3892
3894
3895
3898
3899
3900
3901
3902
3903
3904
3905
3907
3908
3911
3913
3914
3915
3917
3918
3919
3921
3922
3924
3927
3928
3931
3932
3933
3934
3935
3936
3937
3938
3940
3943
3944
3945
3946
3947
3948
3949
3950
3951
3952
3953
3954
3955
3956
3957
3958
3959
3960
3961
3962
3963
3964
4031
4032
4039
4040
4041
4042
4046
4048
4053
4056
4058
4061
4063
4064
4066
4067
4072
4073
4076
4078
4079
4085
4086
4090
4092
4097
4098
4099
4104
4108
4109
4110
4111
4112
4118
4120
4122
4123
4125
4127
4131
4135
4136
4138
4139
4140
4141
4142
4143
4144
4148
4153
4154
4158
4162
4163
4164
4166
4167
4170
4178
4179
4181
4183
4184
4187
4189
4200
4201
4204
4209
4211
4216
4217
4219
4220
4224
4229
4230
4231
4237
4238
4239
4241
4242
4245
4246
4247
4250
4252
4260
4265
4268
4270
4272
4276
4297
4302
4303
4304
4306
4307
4308
4311
4312
4313
4315
4316
4317
4322
4325
4330
4331
4335
4336
4337
4338
4339
4341
4342
4348
4349
4359
4364
4368
4370
4371
4372
4373
4374
4375
4381
4382
4383
4384
4385
4386
4387
4388
4390
4391
4398
4399
4400
4402
4403
4404
4405
4407
4409
4411
4412
4413
4416
4417
4419
4420
4421
4424
4425
4429
4430
4431
4432
4433
4435
4438
4439
4442
4443
4444
4445
4446
4447
4448
4450
4451
4458
4462
4464
4468
4469
4470
4472
4473
4474
4477
4480
4487
4490
4494
4495
4496
4500
4501
4503
4504
4505
4506
4508
4511
4513
4515
4516
4517
4518
4522
4524
4526
4528
4529
4534
4535
4542
4543
4546
4547
4548
4553
4554
4559
4573
4576
4577
4578
4579
4587
4595
4597
4598
4599
4600
4603
4608
4610
4613
4616
4620
4622
4623
4625
4626
4630
4631
4635
4638
4639
4640
4641
4642
4643
4644
4645
4653
4654
4655
4656
4657
4659
4661
4662
4664
4665
4666
4667
4672
4673
4676
4677
4678
4679
4680
4682
4685
4686
4687
4688
4689
4691
4692
4694
4695
4696
4698
4699
4700
4702
4703
4704
4706
4709
4710
4711
4716
4720
4722
4723
4731
4734
4735
4736
4737
4746
4750
4751
4753
4755
4756
4757
4759
4762
4764
4765
4767
4770
4774
4782
4783
4784
4786
4788
4790
4792
4795
4798
4805
4807
4808
4810
4812
4815
4816
4819
4822
4824
4825
4828
4829
4830
4831
4832
4841
4854
4855
4866
4867
4868
4869
4870
4874
4880
4892
4900
4901
4905
4908
4909
4910
4915
4920
4921
4923
4924
4927
4930
4935
4936
4937
4938
4939
4945
4946
4947
4951
4952
4953
4954
4960
5002
5004
5005
5006
5009
5012
5017
5018
5019
5022
5025
5027
5031
5032
5033
5036
5040
5051
5052
5053
5058
5065
5067
5075
5076
5080
5082
5084
5085
5086
5089
5090
5091
5093
5095
5098
5100
5104
5107
5108
5110
5112
5118
5123
5125
5127
5130
5135
5141
5144
5145
5146
5147
5150
5153
5154
5156
5158
5163
5165
5167
5170
5172
5173
5178
5181
5182
5186
5190
5195
5204
5211
5220
5221
5225
5226
5229
5230
5232
5233
5235
5247
5249
5255
5260
5263
5266
5269
5270
5276
5277
5278
5279
5280
5281
5282
5283
5284
5285
5286
5287
5289
5290
5291
5292
5293
5294
5296
5297
5298
5299
5300
5301
5302
5303
5306
5307
5308
5311
5312
5313
5314
5315
5316
5318
5320
5323
5324
5325
5326
5327
5329
5330
5332
5334
5335
5336
5337
5338
5339
5340
5341
5343
5344
5346
5347
5348
5351
5352
5353
5354
5355
5366
5367
5368
5370
5373
5374
5375
5376
5377
5378
5380
5381
5382
5383
5384
5385
5386
5387
5388
5389
5390
5391
5392
5393
5395
5396
5397
5399
5400
5401
5402
5403
5404
5405
5406
5407
5408
5409
5410
5411
5412
5413
5414
5417
5418
5419
5420
5422
5423
5424
5425
5426
5427
5430
5433
5435
5436
5437
5438
5439
5440
5462
5464
5466
5467
5468
5469
5470
5471
5472
5473
5474
5475
5476
5478
5480
5483
5484
5485
5486
5487
5488
5489
5492
5493
5494
5495
5496
5498
5500
5501
5502
5503
5504
5505
5506
5507
5508
5510
5511
5512
5513
5515
5516
5517
5518
5519
5520
5521
5522
5523
5524
5526
5531
5532
5534
5535
5536
5537
5538
5545
5546
5549
5551
5552
5555
5556
5557
5558
5559
5560
5561
5582
5583
5584
5585
5586
5587
5588
5589
5592
5593
5594
5595
5596
5597
5598
5599
5600
5601
5602
5604
5605
5606
5608
5609
5612
5613
5614
5615
5616
5617
5618
5620
5622
5623
5628
5629
5630
5631
5632
5636
5690
5693
5700
5701
5702
5705
5710
5711
5712
5713
5714
5715
5716
5718
5720
5722
5723
5724
5754
5755
5759
5762
5763
5765
5766
5769
5770
5772
5778
5787
5789
5791
5792
5793
5795
5796
5799
5818
5820
5826
5827
5828
5829
5832
5834
5835
5839
5851
5853
5855
5858
5860
5866
5873
5884
5887
5890
5894
5920
5943
5950
5953
5959
5971
5974
5976
5979
5982
5984
5989
5990
5992
5993
6000
6004
6005
6007
6008
6009
6010
6014
6021
6023
6024
6028
6029
6030
6032
6035
6036
6039
6042
6047
6052
6053
6056
6059
6073
6101
6104
6116
6117
6122
6150
6198
6239
6299
6327
6343
6344
6354
6377
6379
6381
6383
6384
6385
6388
6389
6390
6391
6393
6397
6401
6402
6408
6411
6414
6419
6420
6425
6426
6427
6434
6437
6440
6442
6447
6448
6449
6450
6451
6452
6456
6458
6464
6466
6467
6468
6470
6471
6476
6480
6481
6485
6486
6491
6494
6504
6505
6507
6510
6513
6514
6515
6516
6520
6522
6523
6524
6526
6530
6537
6539
6540
6542
6552
6554
6556
6563
6565
6566
6567
6574
6576
6577
6579
6582
6591
6595
6600
6602
6604
6606
6607
6609
6616
6621
6624
6627
6629
6635
6640
6641
6643
6646
6647
6649
6654
6655
6658
6659
6662
6666
6668
6670
6674
6675
6682
6686
6687
6691
6692
6695
6699
6712
6720
6721
6722
6723
6724
6725
6726
6727
6742
6743
6744
6745
6746
6747
6748
6749
6750
6751
6752
6753
6754
6756
6759
6761
6762
6763
6766
6767
6768
6769
6770
6771
6772
6773
6774
6775
6776
6777
6788
6790
6791
6792
6793
6794
6795
6796
6799
6802
6803
6804
6805
6806
6807
6808
6809
6810
6811
6812
6814
6815
6816
6817
6818
6819
6820
6821
6822
6823
6824
6825
6827
6828
6829
6830
6833
6834
6835
6836
6838
6839
6841
6842
6843
6844
6845
6846
6848
6849
6850
6851
6852
6853
6854
6856
6857
6858
6859
6860
6861
6862
6864
6865
6866
6867
6868
6869
6870
6871
6872
6873
6874
6876
6877
6878
6882
6885
6886
6887
6888
6889
6890
6891
6893
6895
6897
6898
6901
6903
6904
6906
6907
6908
6909
6910
6911
6912
6913
6915
6916
6917
6918
6919
6920
6921
6922
6923
6924
6926
6927
6928
6930
6931
6932
6933
6934
6935
6936
6937
6938
6939
6940
6941
6942
6943
6944
6945
6946
6947
6948
6949
6950
6951
6953
6954
6955
6956
6957
6958
6959
6960
6963
6964
6965
6966
6967
6968
6969
6970
6971
6972
6974
6976
6977
6978
6979
6980
6981
6982
6983
6984
6985
6986
6987
6988
6989
6990
6991
6992
6993
6994
6995
6997
6999
7000
7001
7002
7014
7015
7016
7018
7019
7021
7022
7023
7026
7027
7028
7029
7031
7032
7033
7035
7036
7037
7038
7039
7041
7042
7043
7050
7051
7052
7053
7054
7055
7056
7058
7059
7060
7061
7063
7064
7065
7066
7067
7069
7070
7072
7073
7075
7076
7077
7078
7079
7080
7081
7082
7083
7084
7086
7087
7090
7091
7092
7093
7094
7095
7096
7097
7098
7099
7100
7101
7104
7105
7106
7107
7108
7109
7110
7111
7112
7113
7115
7116
7118
7119
7120
7121
7122
7125
7126
7128
7129
7130
7131
7133
7134
7135
7136
7137
7138
7140
7141
7142
7143
7144
7146
7148
7149
7150
7151
7152
7153
7154
7155
7156
7157
7158
7159
7161
7162
7164
7165
7166
7167
7169
7170
7171
7172
7173
7174
7175
7176
7177
7178
7179
7180
7183
7184
7185
7186
7187
7189
7191
7192
7196
7197
7198
7199
7202
7203
7205
7206
7207
7208
7209
7210
7211
7212
7213
7214
7215
7216
7217
7218
7220
7221
7222
7225
7227
7229
7230
7231
7233
7234
7235
7236
7238
7239
7242
7243
7248
7250
7287
7288
7289
7290
7291
7292
7293
7294
7295
7296
7297
7298
7299
7300
7301
7302
7303
7304
7305
7306
7307
7308
7309
7311
7312
7317
7319
7320
7321
7323
7324
7329
7330
7331
7332
7333
7335
7336
7338
7339
7340
7341
7342
7343
7345
7346
7347
7349
7350
7351
7352
7354
7355
7356
7357
7358
7359
7360
7361
7362
7363
7365
7367
7368
7373
7374
7375
7378
7379
7380
7381
7385
7387
7395
7396
7397
7400
7402
7403
7404
7407
7408
7409
7410
7415
7416
7420
7421
7425
7426
7430
7431
7433
7434
7435
7436
7438
7439
7440
7441
7443
7447
7453
7455
7456
7471
7472
7475
7477
7478
7479
7480
7481
7485
7486
7487
7492
7497
7498
7500
7502
7503
7504
7505
7507
7509
7512
7513
7515
7516
7518
7519
7522
7524
7531
7532
7534
7536
7537
7540
7546
7547
7549
7551
7552
7553
7557
7561
7563
7566
7567
7569
7571
7578
7580
7581
7584
7587
7588
7590
7592
7593
7597
7598
7601
7602
7609
7610
7611
7615
7619
7620
7621
7623
7625
7627
7628
7629
7630
7631
7633
7634
7635
7638
7639
7641
7643
7644
7645
7646
7647
7653
7654
7657
7658
7662
7664
7666
7669
7671
7674
7676
7677
7678
7679
7681
7682
7687
7689
7690
7693
7694
7695
7697
7698
7699
7700
7701
7703
7704
7705
7709
7710
7713
7715
7716
7717
7719
7720
7721
7723
7726
7727
7731
7732
7738
7739
7740
7741
7742
7743
7744
7745
7746
7748
7749
7750
7753
7754
7757
7758
7760
7766
7767
7769
7770
7772
7773
7775
7776
7777
7778
7781
7785
7788
7790
7791
7794
7800
7803
7804
7805
7806
7807
7808
7810
7813
7814
7815
7816
7818
7820
7823
7826
7827
7828
7830
7831
7836
7840
7842
7843
7844
7845
7846
7862
7863
7864
7866
7867
7869
7870
7872
7875
7876
7878
7879
7880
7882
7884
7886
7889
7894
7896
7897
7900
7901
7903
7905
7906
7907
7908
7909
7910
7911
7912
7913
7914
7915
7917
7918
7920
7921
7922
7923
7924
7926
7930
7931
7933
7934
7935
7937
7938
7939
7940
7943
7944
7947
7949
7950
7951
7952
7972
7973
7974
7975
7976
7977
7978
7979
7980
7981
7982
7985
7986
7988
7989
7990
7992
7993
7994
7995
7996
7997
7999
8001
8002
8003
8007
8011
8015
8016
8017
8018
8022
8024
8025
8026
8027
8028
8029
8030
8031
8032
8036
8037
8038
8041
8042
8044
8045
8048
8049
8050
8051
8053
8054
8056
8061
8062
8063
8069
8070
8073
8074
8075
8076
8078
8080
8081
8087
8089
8090
8091
8092
8093
8096
8100
8104
8105
8106
8107
8109
8111
8112
8115
8116
8120
8121
8122
8123
8125
8126
8127
8128
8130
8131
8133
8135
8136
8139
8142
8143
8145
8146
8147
8149
8150
8152
8153
8155
8157
8158
8159
8160
8164
8166
8167
8168
8169
8171
8172
8180
8181
8183
8184
8186
8188
8191
8192
8194
8195
8196
8198
8199
8204
8206
8208
8210
8215
8217
8218
8220
8221
8222
8223
8228
8229
8232
8242
8243
8245
8246
8247
8248
8250
8251
8252
8253
8254
8255
8256
8257
8258
8259
8260
8261
8262
8263
8265
8266
8267
8268
8269
8270
8271
8272
8273
8275
8276
8277
8278
8279
8280
8281
8282
8283
8286
8288
8289
8290
8291
8292
8293
8294
8295
8296
8297
8300
8301
8302
8303
8305
8306
8307
8308
8309
8310
8311
8314
8315
8316
8317
8318
8319
8320
8321
8322
8323
8324
8326
8327
8328
8330
8331
8332
8334
8335
8336
8337
8339
8340
8341
8342
8343
8344
8345
8346
8348
8349
8351
8352
8353
8354
8355
8356
8357
8358
8359
8360
8361
8362
8363
8364
8365
8366
8368
8370
8371
8372
8373
8374
8400
8405
8409
8410
8413
8414
8418
8425
8426
8436
8439
8440
8441
8452
8453
8457
8459
8461
8464
8466
8473
8476
8481
8483
8485
8486
8487
8489
8490
8491
8492
8495
8496
8499
8500
8503
8504
8508
8509
8510
8511
8512
8513
8514
8516
8517
8518
8521
8522
8524
8527
8528
8529
8530
8532
8537
8538
8539
8540
8543
8547
8548
8550
9138
9233
9408
9444
9445
9473
9487
9501
9534
9547
9565
9566
9586
9587
9630
9633
9647
9651
9652
9658
9670
9688
9690
9714
10162
10178
10490
10638
10640
10642
10643
10644
10699
10701
10703
10708
10709
10710
10711
10712
10713
10717
10719
10720
10722
10744
10771
10772
10774
10777
10781
10788
10792
10793
10795
10798
10799
10806
10810
10821
10822
10828
10831
10833
10834
10835
10836
10837
10838
10840
10843
10854
10855
10858
10862
10863
10866
10867
10868
10870
10876
10877
10878
10879
10880
10883
10884
10889
10890
10891
10893
10894
10895
10896
10898
10899
10900
10905
10906
10910
10911
10945
10946
10960
10970
10977
10978
10981
10983
10985
10986
10987
10988
10994
10995
11012
11013
11016
11017
11018
11019
11020
11021
11022
11023
11024
11026
11029
11030
11032
11039
11040
11041
11850
11856
11868
11874
11877
11958
11959
11978
11980
11991
11992
12014
12027
12029
12041
12050
12051
12055
12083
12093
12110
12123
12129
12133
12134
12286
12304
12316
12318
12334
12557
131
155
157
158
169
170
171
172
173
174
175
176
177
180
181
206
208
209
210
211
212
213
214
216
221
223
230
232
235
236
237
238
239
241
305
306
307
309
316
317
348
356
360
364
365
369
371
373
374
375
377
382
424
425
431
433
439
447
449
451
452
453
454
455
457
458
459
462
464
466
469
470
472
474
480
481
482
483
485
486
487
488
489
495
498
499
500
502
504
505
509
510
512
513
514
517
523
524
527
528
529
531
532
533
541
543
544
545
546
547
553
554
555
556
557
558
559
562
563
565
570
575
576
578
581
582
585
591
592
594
596
597
599
602
608
610
611
614
615
619
620
623
624
625
628
630
633
635
636
637
638
639
640
641
642
644
646
648
650
652
654
655
658
660
664
665
667
669
670
683
685
686
687
689
690
692
700
701
704
705
707
708
711
712
713
717
720
722
724
725
726
727
731
732
733
734
744
745
746
752
753
754
755
756
758
760
761
762
763
764
766
767
768
771
772
777
783
786
787
788
791
792
794
795
800
803
804
805
808
811
821
823
824
826
827
828
829
832
833
834
835
838
839
840
841
842
843
849
858
865
866
874
875
876
881
882
884
885
887
900
901
903
904
906
908
910
913
915
916
930
931
933
935
936
938
940
941
942
945
947
948
965
976
979